111111111111111111111111111111111111111111
100001111111100000000000100000100011000001
101001111100110000000000000000000001011101
101001000000100000000000100000110101000001
101001000000100000000000100000110101111001
101001000000000000000000100000010000000001
101001111100100000000000000000000001011101
101001000000100000000000100000110101000001
101001000000100000000000100000110101111001
101001000000000000000000100000010000000001
100001011111111111000000100000110000001001
100001000000100000000000100000110001001001
100000000000100000000000000000110001100011
111111111100100000000000100000000100010001
100001000000100000000000100000110001000001
101001000000100000000000000000110101000001
101001000000111111000001000000110100000111
101100000000000000000001000000110111110001
101001000000100000000001000000110101111101
101001111100100000000000000000000000000001
101001000000100000000001000000110101000101
101001000000100000000001000000110101000101
101001000000111111000000000000110101000001
101001000000000000000001000000010011011111
101001111100100000000000000000000001000001
101001000000100000000001000000110101011101
101001000000100000000001000000110101000001
101000000000111111000000000000110101111101
101001000000000000000001000000010011111101
101001000000100000000001000000110101000001
101001000000100000000001000000110101000001
101001000000111111000000000000110101111111
101000000000000000000001000000010011000001
101001111100100000000000000000000001011101
101001000000100000000001000000110101000001
101001000000100000000001000000110101111001
101001000000000000000001000000010000000001
111111111111111111111111111111111111111111